
  (0, 6)	0.5254727492640658
  (0, 15)	0.5254727492640658
  (0, 13)	0.41428875116588965
  (0, 11)	0.5254727492640658
  (1, 13)	0.22757825135981458
  (1, 3)	0.22757825135981458
  (1, 12)	0.45515650271962915
  (1, 19)	0.22757825135981458
  (1, 5)	0.22757825135981458
  (1, 1)	0.2886541550505813
  (1, 14)	0.2886541550505813
  (1, 9)	0.2886541550505813
  (1, 18)	0.2886541550505813
  (1, 0)	0.22757825135981458
  (1, 16)	0.18424420806172156
  (1, 8)	0.2886541550505813
  (1, 17)	0.2886541550505813
  (2, 3)	0.2902152953764255
  (2, 12)	0.580430590752851
  (2, 19)	0.2902152953764255
  (2, 5)	0.2902152953764255
  (2, 0)	0.2902152953764255
  (2, 16)	0.23495429349919794
  (2, 2)	0.36810130304230504
  (2, 7)	0.36810130304230504
  (3, 16)	0.3457831381910465
  (3, 20)	0.5417361046803605
  (3, 10)	0.5417361046803605
  (3, 4)	0.5417361046803605
  (0, 11)	1
  (0, 13)	1
  (0, 15)	1
  (0, 6)	1
  (1, 17)	1
  (1, 8)	1
  (1, 16)	1
  (1, 0)	1
  (1, 18)	1
  (1, 9)	1
  (1, 14)	1
  (1, 1)	1
  (1, 5)	1
  (1, 19)	1
  (1, 12)	2
  (1, 3)	1
  (1, 13)	1
  (2, 7)	1
  (2, 2)	1
  (2, 16)	1
  (2, 0)	1
  (2, 5)	1
  (2, 19)	1
  (2, 12)	2
  (2, 3)	1
  (3, 4)	1
  (3, 10)	1
  (3, 20)	1
  (3, 16)	1
['elephant sneezed sight potatoes'
 'bats see via echolocation see bat sight sneeze going talk another studio ever stuff'
 'bats see via echolocation see batabout another studio ev'
 'wondering opened door studio']
{'bats': 3, 'talk': 18, 'batabout': 2, 'another': 0, 'via': 19, 'wondering': 20, 'sight': 13, 'going': 9, 'bat': 1, 'door': 4, 'echolocation': 5, 'see': 12, 'opened': 10, 'studio': 16, 'ev': 7, 'stuff': 17, 'potatoes': 11, 'elephant': 6, 'sneezed': 15, 'sneeze': 14, 'ever': 8}
  (0, 6)	1
  (0, 11)	1
  (0, 13)	1
  (0, 15)	1
  (1, 0)	1
  (1, 1)	1
  (1, 3)	1
  (1, 5)	1
  (1, 8)	1
  (1, 9)	1
  (1, 12)	2
  (1, 13)	1
  (1, 14)	1
  (1, 16)	1
  (1, 17)	1
  (1, 18)	1
  (1, 19)	1
  (2, 0)	1
  (2, 2)	1
  (2, 3)	1
  (2, 5)	1
  (2, 7)	1
  (2, 12)	2
  (2, 16)	1
  (2, 19)	1
  (3, 4)	1
  (3, 10)	1
  (3, 16)	1
  (3, 20)	1
[[0 0 0 0 0 0 1 0 0 0 0 1 0 1 0 1 0 0 0 0 0]
 [1 1 0 1 0 1 0 0 1 1 0 0 2 1 1 0 1 1 1 1 0]
 [1 0 1 1 0 1 0 1 0 0 0 0 2 0 0 0 1 0 0 1 0]
 [0 0 0 0 1 0 0 0 0 0 1 0 0 0 0 0 1 0 0 0 1]]
  (0, 6)	0.5254727492640658
  (0, 15)	0.5254727492640658
  (0, 13)	0.41428875116588965
  (0, 11)	0.5254727492640658
  (1, 13)	0.22757825135981458
  (1, 3)	0.22757825135981458
  (1, 12)	0.45515650271962915
  (1, 19)	0.22757825135981458
  (1, 5)	0.22757825135981458
  (1, 1)	0.2886541550505813
  (1, 14)	0.2886541550505813
  (1, 9)	0.2886541550505813
  (1, 18)	0.2886541550505813
  (1, 0)	0.22757825135981458
  (1, 16)	0.18424420806172156
  (1, 8)	0.2886541550505813
  (1, 17)	0.2886541550505813
  (2, 3)	0.2902152953764255
  (2, 12)	0.580430590752851
  (2, 19)	0.2902152953764255
  (2, 5)	0.2902152953764255
  (2, 0)	0.2902152953764255
  (2, 16)	0.23495429349919794
  (2, 2)	0.36810130304230504
  (2, 7)	0.36810130304230504
  (3, 16)	0.3457831381910465
  (3, 20)	0.5417361046803605
  (3, 10)	0.5417361046803605
  (3, 4)	0.5417361046803605
  (0, 11)	1
  (0, 13)	1
  (0, 15)	1
  (0, 6)	1
  (1, 17)	1
  (1, 8)	1
  (1, 16)	1
  (1, 0)	1
  (1, 18)	1
  (1, 9)	1
  (1, 14)	1
  (1, 1)	1
  (1, 5)	1
  (1, 19)	1
  (1, 12)	2
  (1, 3)	1
  (1, 13)	1
  (2, 7)	1
  (2, 2)	1
  (2, 16)	1
  (2, 0)	1
  (2, 5)	1
  (2, 19)	1
  (2, 12)	2
  (2, 3)	1
  (3, 4)	1
  (3, 10)	1
  (3, 20)	1
  (3, 16)	1
['elephant sneezed sight potatoes'
 'bats see via echolocation see bat sight sneeze going talk another studio ever stuff'
 'bats see via echolocation see batabout another studio ev'
 'wondering opened door studio']
{'bats': 3, 'talk': 18, 'batabout': 2, 'another': 0, 'via': 19, 'wondering': 20, 'sight': 13, 'going': 9, 'bat': 1, 'door': 4, 'echolocation': 5, 'see': 12, 'opened': 10, 'studio': 16, 'ev': 7, 'stuff': 17, 'potatoes': 11, 'elephant': 6, 'sneezed': 15, 'sneeze': 14, 'ever': 8}
  (0, 6)	1
  (0, 11)	1
  (0, 13)	1
  (0, 15)	1
  (1, 0)	1
  (1, 1)	1
  (1, 3)	1
  (1, 5)	1
  (1, 8)	1
  (1, 9)	1
  (1, 12)	2
  (1, 13)	1
  (1, 14)	1
  (1, 16)	1
  (1, 17)	1
  (1, 18)	1
  (1, 19)	1
  (2, 0)	1
  (2, 2)	1
  (2, 3)	1
  (2, 5)	1
  (2, 7)	1
  (2, 12)	2
  (2, 16)	1
  (2, 19)	1
  (3, 4)	1
  (3, 10)	1
  (3, 16)	1
  (3, 20)	1
[[0 0 0 0 0 0 1 0 0 0 0 1 0 1 0 1 0 0 0 0 0]
 [1 1 0 1 0 1 0 0 1 1 0 0 2 1 1 0 1 1 1 1 0]
 [1 0 1 1 0 1 0 1 0 0 0 0 2 0 0 0 1 0 0 1 0]
 [0 0 0 0 1 0 0 0 0 0 1 0 0 0 0 0 1 0 0 0 1]]
  (0, 6)	0.5254727492640658
  (0, 15)	0.5254727492640658
  (0, 13)	0.41428875116588965
  (0, 11)	0.5254727492640658
  (1, 13)	0.22757825135981458
  (1, 3)	0.22757825135981458
  (1, 12)	0.45515650271962915
  (1, 19)	0.22757825135981458
  (1, 5)	0.22757825135981458
  (1, 1)	0.2886541550505813
  (1, 14)	0.2886541550505813
  (1, 9)	0.2886541550505813
  (1, 18)	0.2886541550505813
  (1, 0)	0.22757825135981458
  (1, 16)	0.18424420806172156
  (1, 8)	0.2886541550505813
  (1, 17)	0.2886541550505813
  (2, 3)	0.2902152953764255
  (2, 12)	0.580430590752851
  (2, 19)	0.2902152953764255
  (2, 5)	0.2902152953764255
  (2, 0)	0.2902152953764255
  (2, 16)	0.23495429349919794
  (2, 2)	0.36810130304230504
  (2, 7)	0.36810130304230504
  (3, 16)	0.3457831381910465
  (3, 20)	0.5417361046803605
  (3, 10)	0.5417361046803605
  (3, 4)	0.5417361046803605